,國文,英文,數學,社會,自然
0,11,7,12,13,15
1,6,15,12,8,7
2,6,15,10,12,7
3,9,11,11,7,9
4,7,8,6,11,11
5,6,15,10,11,12
6,7,15,14,9,14
7,12,13,8,15,8
8,7,11,12,6,13
9,12,14,12,14,10
10,11,7,6,11,8
11,10,7,13,6,8
12,6,13,15,8,15
13,14,14,14,8,14
14,14,14,12,14,7
15,10,14,9,13,6
16,11,7,14,8,12
17,8,12,12,14,7
18,15,8,10,11,11
19,15,7,6,7,6
20,7,11,15,7,13
21,14,15,11,12,8
22,11,6,15,14,14
23,11,15,13,12,8
24,11,8,15,14,9
25,9,7,10,15,13
26,10,6,11,9,13
27,14,7,15,13,7
28,11,11,9,8,8
29,11,13,10,6,10
30,10,15,14,9,10
31,13,8,9,10,7
32,10,14,15,13,10
33,6,12,10,8,10
34,6,10,7,11,12
35,8,14,12,15,6
36,11,6,10,7,12
37,6,12,13,6,11
38,12,8,9,12,9
39,14,11,11,9,12
40,7,14,11,7,14
41,10,12,9,7,11
42,14,9,8,13,9
43,9,15,7,10,12
44,12,10,11,15,12
45,15,9,15,6,14
46,7,8,6,14,9
47,6,10,8,6,13
48,15,7,13,13,10
49,7,7,9,8,9
50,11,11,14,9,11
51,14,14,12,6,9
52,9,12,12,6,6
53,8,6,14,11,12
54,13,7,9,7,7
55,10,6,6,10,15
56,13,11,14,13,15
57,11,13,8,14,14
58,10,12,14,14,9
59,9,9,7,12,14
60,14,8,10,15,8
61,7,14,13,8,10
62,10,8,13,12,11
63,9,6,7,11,15
64,6,13,11,11,9
65,8,15,8,7,11
66,10,12,13,13,15
67,8,10,7,9,9
68,7,7,11,8,7
69,14,13,12,11,12
70,14,13,6,7,12
71,15,10,14,14,6
72,11,15,10,10,15
73,7,11,7,12,7
74,15,9,10,13,9
75,13,13,10,15,7
76,8,8,14,13,10
77,8,12,6,12,8
78,12,11,13,9,15
79,8,12,9,8,9
80,8,14,9,15,9
81,6,6,11,13,11
82,14,13,7,8,10
83,15,12,7,13,11
84,10,13,12,8,12
85,11,14,6,14,12
86,11,8,6,11,13
87,13,9,8,8,12
88,11,15,10,10,11
89,12,9,9,7,9
90,14,12,6,10,14
91,15,12,7,10,15
92,15,13,14,10,13
93,12,10,15,8,8
94,13,14,12,10,9
95,7,15,15,10,7
96,9,10,9,15,13
97,9,7,12,8,14
98,8,11,12,9,13
99,11,7,14,6,10
